ZeroZero: Nothing
X[1]X[1]: Just (Optimal (1.0,[0.0,0.0,0.0,0.0,1.0,0.0,1.0,0.0,1.0,0.0,1.0,0.0,0.0,0.0,0.0,0.0,0.0]))
X[1]X[1]⊕Y[0]X[0]: Just (Optimal (2.0,[0.0,0.0,0.0,0.0,0.0,1.0,1.0,0.0,0.0,1.0,1.0,0.0,0.0,0.0,0.0,0.0,0.0]))
X[1]X[1]⊕Y[1]X[0]: Just (Optimal (2.0,[0.0,0.0,0.0,0.0,0.0,1.0,1.0,0.0,0.0,0.0,0.0,0.0,0.0,1.0,1.0,0.0,0.0]))
X[1]X[1]⊕Y[0]X[0]⊕Y[1]X[0]: Just (Optimal (2.0,[0.0,0.0,0.0,0.0,0.0,1.0,1.0,0.0,0.0,1.0,1.0,0.0,0.0,0.0,0.0,0.0,0.0]))
X[0]Y[0]⊕X[1]X[1]: Just (Optimal (1.0,[1.0,0.0,0.0,1.0,0.0,0.0,0.0,0.0,1.0,0.0,0.0,1.0,0.0,0.0,0.0,0.0,0.0]))
X[0]Y[1]⊕X[1]X[1]: Just (Optimal (2.0,[0.0,0.0,0.0,0.0,1.0,0.0,1.0,0.0,1.0,0.0,1.0,0.0,0.0,0.0,0.0,0.0,0.0]))
X[0]Y[0]⊕X[0]Y[1]⊕X[1]X[1]: Just (Optimal (2.0,[0.0,0.0,0.0,0.0,1.0,0.0,1.0,0.0,1.0,0.0,1.0,0.0,0.0,0.0,0.0,0.0,0.0]))
X[0]X[0]⊕X[1]X[1]: Just (Optimal (1.0,[0.0,0.5,0.0,0.5,0.5,0.0,0.5,0.0,0.0,0.5,0.5,0.0,0.5,0.0,0.0,0.5,0.0]))
X[0]X[1]⊕X[1]X[1]: Just (Optimal (1.0,[1.0,0.0,1.0,0.0,0.0,0.0,0.0,0.0,1.0,0.0,1.0,0.0,0.0,0.0,0.0,0.0,0.0]))
X[0]X[1]⊕X[1]X[1]⊕Y[0]X[0]: Just (Optimal (2.0,[0.0,1.0,1.0,0.0,0.0,0.0,0.0,0.0,0.0,1.0,1.0,0.0,0.0,0.0,0.0,0.0,0.0]))
X[0]X[1]⊕X[1]X[1]⊕Y[1]X[0]: Just (Optimal (2.0,[0.0,1.0,1.0,0.0,0.0,0.0,0.0,0.0,0.0,0.0,0.0,0.0,0.0,1.0,1.0,0.0,0.0]))
X[0]X[1]⊕X[1]X[1]⊕Y[0]X[0]⊕Y[1]X[0]: Just (Optimal (2.0,[0.0,1.0,1.0,0.0,0.0,0.0,0.0,0.0,0.0,1.0,1.0,0.0,0.0,0.0,0.0,0.0,0.0]))
X[0]X[0]⊕X[0]X[1]⊕X[1]X[1]: Just (Optimal (2.0,[0.0,1.0,1.0,0.0,0.0,0.0,0.0,0.0,0.0,1.0,1.0,0.0,0.0,0.0,0.0,0.0,0.0]))
X[1]X[0]⊕X[1]X[1]: Just (Optimal (2.0,[0.0,0.0,0.0,0.0,0.0,1.0,1.0,0.0,0.0,1.0,1.0,0.0,0.0,0.0,0.0,0.0,0.0]))
X[0]Y[0]⊕X[1]X[0]⊕X[1]X[1]: Just (Optimal (2.0,[0.0,0.0,0.0,0.0,0.0,1.0,1.0,0.0,0.0,1.0,1.0,0.0,0.0,0.0,0.0,0.0,0.0]))
X[0]Y[1]⊕X[1]X[0]⊕X[1]X[1]: Just (Optimal (2.0,[0.0,0.0,0.0,0.0,1.0,0.0,1.0,0.0,1.0,0.0,1.0,0.0,0.0,0.0,0.0,0.0,0.0]))
X[0]Y[0]⊕X[0]Y[1]⊕X[1]X[0]⊕X[1]X[1]: Just (Optimal (2.0,[0.0,0.0,0.0,0.0,1.0,0.0,1.0,0.0,1.0,0.0,1.0,0.0,0.0,0.0,0.0,0.0,0.0]))
X[0]X[0]⊕X[1]X[0]⊕X[1]X[1]: Just (Optimal (2.0,[0.0,0.0,0.0,0.0,0.0,1.0,1.0,0.0,0.0,1.0,1.0,0.0,0.0,0.0,0.0,0.0,0.0]))
X[0]X[1]⊕X[1]X[0]⊕X[1]X[1]: Just (Optimal (2.0,[0.0,0.0,0.0,0.0,0.0,1.0,1.0,0.0,0.0,1.0,1.0,0.0,0.0,0.0,0.0,0.0,0.0]))
X[0]X[0]⊕X[0]X[1]⊕X[1]X[0]⊕X[1]X[1]: Just (Optimal (2.0,[0.0,1.0,1.0,0.0,0.0,0.0,0.0,0.0,0.0,1.0,1.0,0.0,0.0,0.0,0.0,0.0,0.0]))
X[1]X[0]: Just (Optimal (1.0,[0.0,0.0,0.0,0.0,0.0,1.0,1.0,0.0,0.0,1.0,1.0,0.0,0.0,0.0,0.0,0.0,0.0]))
X[1]X[0]⊕Y[0]X[1]: Just (Optimal (2.0,[0.0,0.0,0.0,0.0,0.0,1.0,1.0,0.0,0.0,1.0,1.0,0.0,0.0,0.0,0.0,0.0,0.0]))
X[1]X[0]⊕Y[1]X[1]: Just (Optimal (2.0,[0.0,0.0,0.0,0.0,0.0,1.0,1.0,0.0,0.0,0.0,0.0,0.0,0.0,1.0,1.0,0.0,0.0]))
X[1]X[0]⊕Y[0]X[1]⊕Y[1]X[1]: Just (Optimal (2.0,[0.0,0.0,0.0,0.0,0.0,1.0,1.0,0.0,0.0,1.0,1.0,0.0,0.0,0.0,0.0,0.0,0.0]))
X[0]Y[0]⊕X[1]X[0]: Just (Optimal (1.0,[0.5,0.0,0.0,0.5,0.0,0.5,0.5,0.0,0.0,0.5,0.0,0.5,0.5,0.0,0.5,0.0,0.0]))
X[0]Y[1]⊕X[1]X[0]: Just (Optimal (1.0,[0.0,0.0,0.0,0.0,1.0,0.0,1.0,0.0,1.0,0.0,1.0,0.0,0.0,0.0,0.0,0.0,0.0]))
X[0]Y[0]⊕X[0]Y[1]⊕X[1]X[0]: Just (Optimal (1.0,[1.0,0.0,0.0,1.0,0.0,0.0,0.0,0.0,1.0,0.0,0.0,1.0,0.0,0.0,0.0,0.0,0.0]))
X[0]X[0]⊕X[1]X[0]: Just (Optimal (1.0,[0.0,1.0,1.0,0.0,0.0,0.0,0.0,0.0,0.0,1.0,1.0,0.0,0.0,0.0,0.0,0.0,0.0]))
X[0]X[0]⊕X[1]X[0]⊕Y[0]X[1]: Just (Optimal (2.0,[0.0,1.0,1.0,0.0,0.0,0.0,0.0,0.0,0.0,1.0,1.0,0.0,0.0,0.0,0.0,0.0,0.0]))
X[0]X[0]⊕X[1]X[0]⊕Y[1]X[1]: Just (Optimal (2.0,[0.0,1.0,1.0,0.0,0.0,0.0,0.0,0.0,0.0,0.0,0.0,0.0,0.0,1.0,1.0,0.0,0.0]))
X[0]X[0]⊕X[1]X[0]⊕Y[0]X[1]⊕Y[1]X[1]: Just (Optimal (2.0,[0.0,1.0,1.0,0.0,0.0,0.0,0.0,0.0,0.0,1.0,1.0,0.0,0.0,0.0,0.0,0.0,0.0]))
X[0]X[1]⊕X[1]X[0]: Just (Optimal (1.0,[0.5,0.0,0.5,0.0,0.0,0.5,0.0,0.5,0.0,0.5,0.5,0.0,0.5,0.0,0.0,0.5,0.0]))
X[0]X[0]⊕X[0]X[1]⊕X[1]X[0]: Just (Optimal (2.0,[0.0,1.0,1.0,0.0,0.0,0.0,0.0,0.0,0.0,1.0,1.0,0.0,0.0,0.0,0.0,0.0,0.0]))
X[1]Y[1]: Just (Optimal (1.0,[1.0,0.0,1.0,0.0,0.0,0.0,0.0,0.0,1.0,0.0,1.0,0.0,0.0,0.0,0.0,0.0,0.0]))
X[1]Y[1]⊕Y[0]Y[0]: Just (Optimal (2.0,[1.0,0.0,0.0,1.0,0.0,0.0,0.0,0.0,1.0,0.0,0.0,1.0,0.0,0.0,0.0,0.0,0.0]))
X[1]Y[1]⊕Y[1]Y[0]: Just (Optimal (1.0,[0.5,0.0,0.0,0.5,0.0,0.5,0.5,0.0,0.5,0.0,0.5,0.0,0.0,0.5,0.0,0.5,0.0]))
X[1]Y[1]⊕Y[0]Y[0]⊕Y[1]Y[0]: Just (Optimal (2.0,[1.0,0.0,0.0,1.0,0.0,0.0,0.0,0.0,1.0,0.0,0.0,1.0,0.0,0.0,0.0,0.0,0.0]))
X[0]Y[0]⊕X[1]Y[1]: Just (Optimal (2.0,[1.0,0.0,0.0,1.0,0.0,0.0,0.0,0.0,1.0,0.0,0.0,1.0,0.0,0.0,0.0,0.0,0.0]))
X[0]Y[1]⊕X[1]Y[1]: Just (Optimal (2.0,[0.0,0.0,0.0,0.0,1.0,0.0,1.0,0.0,1.0,0.0,1.0,0.0,0.0,0.0,0.0,0.0,0.0]))
X[0]Y[1]⊕X[1]Y[1]⊕Y[0]Y[0]: Just (Optimal (3.0,[0.0,0.0,0.0,0.0,1.0,0.0,0.0,1.0,1.0,0.0,0.0,1.0,0.0,0.0,0.0,0.0,0.0]))
X[0]Y[1]⊕X[1]Y[1]⊕Y[1]Y[0]: Just (Optimal (2.0,[0.0,0.0,0.0,0.0,1.0,0.0,1.0,0.0,1.0,0.0,1.0,0.0,0.0,0.0,0.0,0.0,0.0]))
X[0]Y[1]⊕X[1]Y[1]⊕Y[0]Y[0]⊕Y[1]Y[0]: Just (Optimal (3.0,[0.0,0.0,0.0,0.0,1.0,0.0,0.0,1.0,1.0,0.0,0.0,1.0,0.0,0.0,0.0,0.0,0.0]))
X[0]Y[0]⊕X[0]Y[1]⊕X[1]Y[1]: Just (Optimal (2.0,[0.0,0.0,0.0,0.0,1.0,0.0,1.0,0.0,1.0,0.0,1.0,0.0,0.0,0.0,0.0,0.0,0.0]))
X[0]X[0]⊕X[1]Y[1]: Just (Optimal (1.0,[1.0,0.0,1.0,0.0,0.0,0.0,0.0,0.0,1.0,0.0,1.0,0.0,0.0,0.0,0.0,0.0,0.0]))
X[0]X[1]⊕X[1]Y[1]: Just (Optimal (2.0,[1.0,0.0,1.0,0.0,0.0,0.0,0.0,0.0,1.0,0.0,1.0,0.0,0.0,0.0,0.0,0.0,0.0]))
X[0]X[0]⊕X[0]X[1]⊕X[1]Y[1]: Just (Optimal (2.0,[1.0,0.0,1.0,0.0,0.0,0.0,0.0,0.0,1.0,0.0,1.0,0.0,0.0,0.0,0.0,0.0,0.0]))
X[1]Y[0]⊕X[1]Y[1]: Just (Optimal (2.0,[0.0,0.0,0.0,0.0,1.0,0.0,0.0,1.0,1.0,0.0,0.0,1.0,0.0,0.0,0.0,0.0,0.0]))
X[0]Y[0]⊕X[1]Y[0]⊕X[1]Y[1]: Just (Optimal (2.0,[1.0,0.0,0.0,1.0,0.0,0.0,0.0,0.0,1.0,0.0,0.0,1.0,0.0,0.0,0.0,0.0,0.0]))
X[0]Y[1]⊕X[1]Y[0]⊕X[1]Y[1]: Just (Optimal (3.0,[0.0,0.0,0.0,0.0,1.0,0.0,0.0,1.0,1.0,0.0,0.0,1.0,0.0,0.0,0.0,0.0,0.0]))
X[0]Y[0]⊕X[0]Y[1]⊕X[1]Y[0]⊕X[1]Y[1]: Just (Optimal (3.0,[0.0,0.0,0.0,0.0,1.0,0.0,0.0,1.0,1.0,0.0,0.0,1.0,0.0,0.0,0.0,0.0,0.0]))
X[0]X[0]⊕X[1]Y[0]⊕X[1]Y[1]: Just (Optimal (2.0,[0.0,0.0,0.0,0.0,1.0,0.0,0.0,1.0,1.0,0.0,0.0,1.0,0.0,0.0,0.0,0.0,0.0]))
X[0]X[1]⊕X[1]Y[0]⊕X[1]Y[1]: Just (Optimal (2.0,[1.0,0.0,1.0,0.0,0.0,0.0,0.0,0.0,1.0,0.0,1.0,0.0,0.0,0.0,0.0,0.0,0.0]))
X[0]X[0]⊕X[0]X[1]⊕X[1]Y[0]⊕X[1]Y[1]: Just (Optimal (2.0,[1.0,0.0,1.0,0.0,0.0,0.0,0.0,0.0,1.0,0.0,1.0,0.0,0.0,0.0,0.0,0.0,0.0]))
X[1]Y[0]: Just (Optimal (1.0,[0.0,0.0,0.0,0.0,1.0,0.0,0.0,1.0,1.0,0.0,0.0,1.0,0.0,0.0,0.0,0.0,0.0]))
X[1]Y[0]⊕Y[0]Y[1]: Just (Optimal (2.0,[0.0,0.0,0.0,0.0,1.0,0.0,0.0,1.0,0.0,0.0,0.0,0.0,1.0,0.0,0.0,1.0,0.0]))
X[1]Y[0]⊕Y[1]Y[1]: Just Unbounded
X[1]Y[0]⊕Y[0]Y[1]⊕Y[1]Y[1]: Just Unbounded
X[0]Y[0]⊕X[1]Y[0]: Just (Optimal (1.0,[1.0,0.0,0.0,1.0,0.0,0.0,0.0,0.0,1.0,0.0,0.0,1.0,0.0,0.0,0.0,0.0,0.0]))
X[0]Y[0]⊕X[1]Y[0]⊕Y[0]Y[1]: Just (Optimal (2.0,[1.0,0.0,0.0,1.0,0.0,0.0,0.0,0.0,0.0,0.0,0.0,0.0,1.0,0.0,0.0,1.0,0.0]))
X[0]Y[0]⊕X[1]Y[0]⊕Y[1]Y[1]: Just Unbounded
X[0]Y[0]⊕X[1]Y[0]⊕Y[0]Y[1]⊕Y[1]Y[1]: Just Unbounded
X[0]Y[1]⊕X[1]Y[0]: Just (Optimal (2.0,[0.0,0.0,0.0,0.0,1.0,0.0,0.0,1.0,1.0,0.0,0.0,1.0,0.0,0.0,0.0,0.0,0.0]))
X[0]Y[0]⊕X[0]Y[1]⊕X[1]Y[0]: Just (Optimal (2.0,[0.0,0.0,0.0,0.0,1.0,0.0,0.0,1.0,1.0,0.0,0.0,1.0,0.0,0.0,0.0,0.0,0.0]))
X[0]X[0]⊕X[1]Y[0]: Just (Optimal (1.0,[0.0,0.5,0.5,0.0,0.5,0.0,0.0,0.5,0.0,0.5,0.0,0.5,0.5,0.0,0.5,0.0,0.0]))
X[0]X[1]⊕X[1]Y[0]: Just (Optimal (1.0,[1.0,0.0,1.0,0.0,0.0,0.0,0.0,0.0,1.0,0.0,1.0,0.0,0.0,0.0,0.0,0.0,0.0]))
X[0]X[0]⊕X[0]X[1]⊕X[1]Y[0]: Just (Optimal (2.0,[0.0,1.0,1.0,0.0,0.0,0.0,0.0,0.0,0.0,1.0,1.0,0.0,0.0,0.0,0.0,0.0,0.0]))
X[0]X[1]: Just (Optimal (1.0,[1.0,0.0,1.0,0.0,0.0,0.0,0.0,0.0,1.0,0.0,1.0,0.0,0.0,0.0,0.0,0.0,0.0]))
X[0]X[1]⊕Y[0]X[0]: Just (Optimal (2.0,[0.0,1.0,1.0,0.0,0.0,0.0,0.0,0.0,0.0,1.0,1.0,0.0,0.0,0.0,0.0,0.0,0.0]))
X[0]X[1]⊕Y[1]X[0]: Just (Optimal (2.0,[0.0,1.0,1.0,0.0,0.0,0.0,0.0,0.0,0.0,0.0,0.0,0.0,0.0,1.0,1.0,0.0,0.0]))
X[0]X[1]⊕Y[0]X[0]⊕Y[1]X[0]: Just (Optimal (2.0,[0.0,1.0,1.0,0.0,0.0,0.0,0.0,0.0,0.0,1.0,1.0,0.0,0.0,0.0,0.0,0.0,0.0]))
X[0]X[0]⊕X[0]X[1]: Just (Optimal (2.0,[0.0,1.0,1.0,0.0,0.0,0.0,0.0,0.0,0.0,1.0,1.0,0.0,0.0,0.0,0.0,0.0,0.0]))
X[0]X[0]: Just (Optimal (1.0,[0.0,1.0,1.0,0.0,0.0,0.0,0.0,0.0,0.0,1.0,1.0,0.0,0.0,0.0,0.0,0.0,0.0]))
X[0]X[0]⊕Y[0]X[1]: Just (Optimal (2.0,[0.0,1.0,1.0,0.0,0.0,0.0,0.0,0.0,0.0,1.0,1.0,0.0,0.0,0.0,0.0,0.0,0.0]))
X[0]X[0]⊕Y[1]X[1]: Just (Optimal (2.0,[0.0,1.0,1.0,0.0,0.0,0.0,0.0,0.0,0.0,0.0,0.0,0.0,0.0,1.0,1.0,0.0,0.0]))
X[0]X[0]⊕Y[0]X[1]⊕Y[1]X[1]: Just (Optimal (2.0,[0.0,1.0,1.0,0.0,0.0,0.0,0.0,0.0,0.0,1.0,1.0,0.0,0.0,0.0,0.0,0.0,0.0]))
X[0]Y[1]: Just (Optimal (1.0,[0.0,0.0,0.0,0.0,1.0,0.0,1.0,0.0,1.0,0.0,1.0,0.0,0.0,0.0,0.0,0.0,0.0]))
X[0]Y[1]⊕Y[0]Y[0]: Just (Optimal (2.0,[0.0,0.0,0.0,0.0,1.0,0.0,0.0,1.0,1.0,0.0,0.0,1.0,0.0,0.0,0.0,0.0,0.0]))
X[0]Y[1]⊕Y[1]Y[0]: Just (Optimal (2.0,[0.0,0.0,0.0,0.0,1.0,0.0,0.0,1.0,0.0,0.0,0.0,0.0,1.0,0.0,0.0,1.0,0.0]))
X[0]Y[1]⊕Y[0]Y[0]⊕Y[1]Y[0]: Just (Optimal (2.0,[0.0,0.0,0.0,0.0,1.0,0.0,0.0,1.0,1.0,0.0,0.0,1.0,0.0,0.0,0.0,0.0,0.0]))
X[0]Y[0]⊕X[0]Y[1]: Just (Optimal (1.0,[0.0,0.5,0.0,0.5,0.5,0.0,0.5,0.0,0.5,0.0,0.0,0.5,0.0,0.5,0.5,0.0,0.0]))
X[0]Y[0]: Just (Optimal (1.0,[1.0,0.0,0.0,1.0,0.0,0.0,0.0,0.0,1.0,0.0,0.0,1.0,0.0,0.0,0.0,0.0,0.0]))
X[0]Y[0]⊕Y[0]Y[1]: Just (Optimal (2.0,[1.0,0.0,0.0,1.0,0.0,0.0,0.0,0.0,0.0,0.0,0.0,0.0,1.0,0.0,0.0,1.0,0.0]))
X[0]Y[0]⊕Y[1]Y[1]: Just Unbounded
X[0]Y[0]⊕Y[0]Y[1]⊕Y[1]Y[1]: Just Unbounded
Y[1]X[1]: Just (Optimal (1.0,[1.0,0.0,1.0,0.0,0.0,0.0,0.0,0.0,0.0,0.0,0.0,0.0,1.0,0.0,1.0,0.0,0.0]))
Y[0]Y[0]⊕Y[1]X[1]: Just (Optimal (1.0,[1.0,0.0,0.0,1.0,0.0,0.0,0.0,0.0,1.0,0.0,0.0,1.0,0.0,0.0,0.0,0.0,0.0]))
Y[0]Y[1]⊕Y[1]X[1]: Just (Optimal (2.0,[1.0,0.0,1.0,0.0,0.0,0.0,0.0,0.0,0.0,0.0,0.0,0.0,1.0,0.0,1.0,0.0,0.0]))
Y[0]Y[0]⊕Y[0]Y[1]⊕Y[1]X[1]: Just (Optimal (2.0,[1.0,0.0,1.0,0.0,0.0,0.0,0.0,0.0,0.0,0.0,0.0,0.0,1.0,0.0,1.0,0.0,0.0]))
Y[0]X[0]⊕Y[1]X[1]: Just (Optimal (1.0,[0.0,0.5,0.5,0.0,0.5,0.0,0.0,0.5,0.0,0.5,0.0,0.5,0.5,0.0,0.5,0.0,0.0]))
Y[0]X[1]⊕Y[1]X[1]: Just (Optimal (1.0,[1.0,0.0,1.0,0.0,0.0,0.0,0.0,0.0,1.0,0.0,1.0,0.0,0.0,0.0,0.0,0.0,0.0]))
Y[0]X[0]⊕Y[0]X[1]⊕Y[1]X[1]: Just (Optimal (2.0,[0.0,1.0,1.0,0.0,0.0,0.0,0.0,0.0,0.0,1.0,1.0,0.0,0.0,0.0,0.0,0.0,0.0]))
Y[1]X[0]⊕Y[1]X[1]: Just (Optimal (2.0,[0.0,1.0,1.0,0.0,0.0,0.0,0.0,0.0,0.0,0.0,0.0,0.0,0.0,1.0,1.0,0.0,0.0]))
Y[0]Y[0]⊕Y[1]X[0]⊕Y[1]X[1]: Just (Optimal (2.0,[0.0,1.0,1.0,0.0,0.0,0.0,0.0,0.0,0.0,0.0,0.0,0.0,0.0,1.0,1.0,0.0,0.0]))
Y[0]Y[1]⊕Y[1]X[0]⊕Y[1]X[1]: Just (Optimal (2.0,[1.0,0.0,1.0,0.0,0.0,0.0,0.0,0.0,0.0,0.0,0.0,0.0,1.0,0.0,1.0,0.0,0.0]))
Y[0]Y[0]⊕Y[0]Y[1]⊕Y[1]X[0]⊕Y[1]X[1]: Just (Optimal (2.0,[1.0,0.0,1.0,0.0,0.0,0.0,0.0,0.0,0.0,0.0,0.0,0.0,1.0,0.0,1.0,0.0,0.0]))
Y[0]X[0]⊕Y[1]X[0]⊕Y[1]X[1]: Just (Optimal (2.0,[0.0,1.0,1.0,0.0,0.0,0.0,0.0,0.0,0.0,0.0,0.0,0.0,0.0,1.0,1.0,0.0,0.0]))
Y[0]X[1]⊕Y[1]X[0]⊕Y[1]X[1]: Just (Optimal (2.0,[0.0,1.0,1.0,0.0,0.0,0.0,0.0,0.0,0.0,0.0,0.0,0.0,0.0,1.0,1.0,0.0,0.0]))
Y[0]X[0]⊕Y[0]X[1]⊕Y[1]X[0]⊕Y[1]X[1]: Just (Optimal (2.0,[0.0,1.0,1.0,0.0,0.0,0.0,0.0,0.0,0.0,1.0,1.0,0.0,0.0,0.0,0.0,0.0,0.0]))
Y[1]X[0]: Just (Optimal (1.0,[0.0,1.0,1.0,0.0,0.0,0.0,0.0,0.0,0.0,0.0,0.0,0.0,0.0,1.0,1.0,0.0,0.0]))
Y[0]Y[0]⊕Y[1]X[0]: Just (Optimal (1.0,[0.0,0.5,0.0,0.5,0.5,0.0,0.5,0.0,0.5,0.0,0.0,0.5,0.0,0.5,0.5,0.0,0.0]))
Y[0]Y[1]⊕Y[1]X[0]: Just (Optimal (1.0,[1.0,0.0,1.0,0.0,0.0,0.0,0.0,0.0,0.0,0.0,0.0,0.0,1.0,0.0,1.0,0.0,0.0]))
Y[0]Y[0]⊕Y[0]Y[1]⊕Y[1]X[0]: Just (Optimal (1.0,[1.0,0.0,0.0,1.0,0.0,0.0,0.0,0.0,1.0,0.0,0.0,1.0,0.0,0.0,0.0,0.0,0.0]))
Y[0]X[0]⊕Y[1]X[0]: Just (Optimal (1.0,[0.0,1.0,1.0,0.0,0.0,0.0,0.0,0.0,0.0,1.0,1.0,0.0,0.0,0.0,0.0,0.0,0.0]))
Y[0]X[1]⊕Y[1]X[0]: Just (Optimal (1.0,[0.0,0.5,0.5,0.0,0.5,0.0,0.0,0.5,0.5,0.0,0.5,0.0,0.0,0.5,0.0,0.5,0.0]))
Y[0]X[0]⊕Y[0]X[1]⊕Y[1]X[0]: Just (Optimal (2.0,[0.0,1.0,1.0,0.0,0.0,0.0,0.0,0.0,0.0,1.0,1.0,0.0,0.0,0.0,0.0,0.0,0.0]))
Y[1]Y[1]: Just Unbounded
Y[0]Y[0]⊕Y[1]Y[1]: Just Unbounded
Y[0]Y[1]⊕Y[1]Y[1]: Just Unbounded
Y[0]Y[0]⊕Y[0]Y[1]⊕Y[1]Y[1]: Just Unbounded
Y[0]X[0]⊕Y[1]Y[1]: Just Unbounded
Y[0]X[1]⊕Y[1]Y[1]: Just Unbounded
Y[0]X[0]⊕Y[0]X[1]⊕Y[1]Y[1]: Just Unbounded
Y[1]Y[0]⊕Y[1]Y[1]: Just Unbounded
Y[0]Y[0]⊕Y[1]Y[0]⊕Y[1]Y[1]: Just Unbounded
Y[0]Y[1]⊕Y[1]Y[0]⊕Y[1]Y[1]: Just Unbounded
Y[0]Y[0]⊕Y[0]Y[1]⊕Y[1]Y[0]⊕Y[1]Y[1]: Just Unbounded
Y[0]X[0]⊕Y[1]Y[0]⊕Y[1]Y[1]: Just Unbounded
Y[0]X[1]⊕Y[1]Y[0]⊕Y[1]Y[1]: Just Unbounded
Y[0]X[0]⊕Y[0]X[1]⊕Y[1]Y[0]⊕Y[1]Y[1]: Just Unbounded
Y[1]Y[0]: Just (Optimal (1.0,[1.0,0.0,0.0,1.0,0.0,0.0,0.0,0.0,0.0,0.0,0.0,0.0,1.0,0.0,0.0,1.0,0.0]))
Y[0]Y[0]⊕Y[1]Y[0]: Just (Optimal (1.0,[1.0,0.0,0.0,1.0,0.0,0.0,0.0,0.0,1.0,0.0,0.0,1.0,0.0,0.0,0.0,0.0,0.0]))
Y[0]Y[1]⊕Y[1]Y[0]: Just (Optimal (2.0,[1.0,0.0,0.0,1.0,0.0,0.0,0.0,0.0,0.0,0.0,0.0,0.0,1.0,0.0,0.0,1.0,0.0]))
Y[0]Y[0]⊕Y[0]Y[1]⊕Y[1]Y[0]: Just (Optimal (2.0,[1.0,0.0,0.0,1.0,0.0,0.0,0.0,0.0,0.0,0.0,0.0,0.0,1.0,0.0,0.0,1.0,0.0]))
Y[0]X[0]⊕Y[1]Y[0]: Just (Optimal (1.0,[0.0,0.5,0.0,0.5,0.5,0.0,0.5,0.0,0.0,0.5,0.5,0.0,0.5,0.0,0.0,0.5,0.0]))
Y[0]X[1]⊕Y[1]Y[0]: Just (Optimal (1.0,[1.0,0.0,1.0,0.0,0.0,0.0,0.0,0.0,1.0,0.0,1.0,0.0,0.0,0.0,0.0,0.0,0.0]))
Y[0]X[0]⊕Y[0]X[1]⊕Y[1]Y[0]: Just (Optimal (2.0,[0.0,1.0,1.0,0.0,0.0,0.0,0.0,0.0,0.0,1.0,1.0,0.0,0.0,0.0,0.0,0.0,0.0]))
Y[0]X[1]: Just (Optimal (1.0,[1.0,0.0,1.0,0.0,0.0,0.0,0.0,0.0,1.0,0.0,1.0,0.0,0.0,0.0,0.0,0.0,0.0]))
Y[0]X[0]⊕Y[0]X[1]: Just (Optimal (2.0,[0.0,1.0,1.0,0.0,0.0,0.0,0.0,0.0,0.0,1.0,1.0,0.0,0.0,0.0,0.0,0.0,0.0]))
Y[0]X[0]: Just (Optimal (1.0,[0.0,1.0,1.0,0.0,0.0,0.0,0.0,0.0,0.0,1.0,1.0,0.0,0.0,0.0,0.0,0.0,0.0]))
Y[0]Y[1]: Just (Optimal (1.0,[1.0,0.0,1.0,0.0,0.0,0.0,0.0,0.0,0.0,0.0,0.0,0.0,1.0,0.0,1.0,0.0,0.0]))
Y[0]Y[0]⊕Y[0]Y[1]: Just (Optimal (1.0,[0.5,0.0,0.0,0.5,0.0,0.5,0.5,0.0,0.0,0.5,0.0,0.5,0.5,0.0,0.5,0.0,0.0]))
Y[0]Y[0]: Just (Optimal (1.0,[1.0,0.0,0.0,1.0,0.0,0.0,0.0,0.0,1.0,0.0,0.0,1.0,0.0,0.0,0.0,0.0,0.0]))

